[gd_scene load_steps=9 format=3 uid="uid://dysou0lsbavc1"]

[sub_resource type="BoxMesh" id="BoxMesh_8opbd"]

[sub_resource type="SphereMesh" id="SphereMesh_acwbl"]

[sub_resource type="PrismMesh" id="PrismMesh_3kaxe"]

[sub_resource type="PlaneMesh" id="PlaneMesh_2yqgb"]
size = Vector2(8, 8)

[sub_resource type="Environment" id="Environment_fn5en"]
background_mode = 1
background_color = Color(0.733333, 0.643137, 0.623529, 1)
ambient_light_source = 2
ambient_light_color = Color(0.6, 0.8, 1, 1)
ambient_light_energy = 0.74
tonemap_mode = 3
sdfgi_use_occlusion = true
adjustment_enabled = true
adjustment_contrast = 0.85
adjustment_saturation = 0.9

[sub_resource type="CameraAttributesPhysical" id="CameraAttributesPhysical_qd8up"]
frustum_focal_length = 55.0

[sub_resource type="Animation" id="Animation_112ta"]
resource_name = "rotate"
length = 7.0
loop_mode = 1
tracks/0/type = "value"
tracks/0/imported = false
tracks/0/enabled = true
tracks/0/path = NodePath("CameraPivot:rotation")
tracks/0/interp = 1
tracks/0/loop_wrap = true
tracks/0/keys = {
"times": PackedFloat32Array(0, 7),
"transitions": PackedFloat32Array(1, 1),
"update": 0,
"values": [Vector3(0, 0, 0), Vector3(3.48787e-16, 6.28319, 3.48787e-16)]
}

[sub_resource type="AnimationLibrary" id="AnimationLibrary_taffo"]
_data = {
"rotate": SubResource("Animation_112ta")
}

[node name="DemoA" type="Node3D"]

[node name="Cube1" type="MeshInstance3D" parent="."]
transform = Transform3D(1, 0, 0, 0, 1, 0, 0, 0, 1, 2.08165e-12, 0.5, 2.08165e-12)
mesh = SubResource("BoxMesh_8opbd")

[node name="Cube5" type="MeshInstance3D" parent="."]
transform = Transform3D(0.872018, 0, -0.489474, 0, 1, 0, 0.489474, 0, 0.872018, -2.78269, 0.5, -3.01069)
mesh = SubResource("BoxMesh_8opbd")

[node name="Cube6" type="MeshInstance3D" parent="."]
transform = Transform3D(0.872018, 0, -0.489474, 0, 1, 0, 0.489474, 0, 0.872018, 0.857441, 0.5, -3.01069)
mesh = SubResource("SphereMesh_acwbl")

[node name="Cube2" type="MeshInstance3D" parent="."]
transform = Transform3D(0.899451, 0, -0.437022, 0, 1, 0, 0.437022, 0, 0.899451, -1.55173, 0.5, 2.08165e-12)
mesh = SubResource("PrismMesh_3kaxe")

[node name="Cube3" type="MeshInstance3D" parent="."]
transform = Transform3D(0.871102, 0, 0.491101, 0, 1, 0, -0.491101, 0, 0.871102, 1.67051, 0.5, -0.966714)
mesh = SubResource("BoxMesh_8opbd")

[node name="Cube4" type="MeshInstance3D" parent="."]
transform = Transform3D(0.873094, -0.462755, -0.15351, 0.455764, 0.886486, -0.0801337, 0.173167, 0, 0.984893, -0.716613, 0.5, -2.33367)
mesh = SubResource("BoxMesh_8opbd")

[node name="Floor" type="MeshInstance3D" parent="."]
transform = Transform3D(1, 0, 0, 0, 1, 0, 0, 0, 1, 2.08165e-12, 2.08165e-12, 2.08165e-12)
mesh = SubResource("PlaneMesh_2yqgb")

[node name="MainLight" type="DirectionalLight3D" parent="."]
transform = Transform3D(0.333264, -0.481697, 0.810496, -2.67592e-08, 0.859638, 0.510903, -0.942834, -0.170266, 0.286486, 0, 2.66735, 0)
shadow_opacity = 0.22
directional_shadow_split_1 = 0.155
directional_shadow_split_2 = 0.153
directional_shadow_blend_splits = true

[node name="CameraPivot" type="Node3D" parent="."]

[node name="Camera3D" type="Camera3D" parent="CameraPivot"]
transform = Transform3D(0.951594, -0.139537, 0.273857, 3.10771e-16, 0.891007, 0.453991, -0.307357, -0.432015, 0.847877, 2.621, 5.063, 8.013)
environment = SubResource("Environment_fn5en")
attributes = SubResource("CameraAttributesPhysical_qd8up")
current = true

[node name="AnimationPlayer" type="AnimationPlayer" parent="."]
autoplay = "rotate"
libraries = {
"": SubResource("AnimationLibrary_taffo")
}
